0.9800	1.2000	0.000007
0.9825	1.2000	0.000007
0.9850	1.2000	0.000007
0.9875	1.2000	0.000007
0.9900	1.2000	0.000007
0.9925	1.2000	0.000007
0.9950	1.2000	0.000007
0.9975	1.2000	0.000007
1.0000	1.2000	0.000007
1.0025	1.1000	-0.011633
1.0050	1.0000	-0.022640
1.0075	0.9000	-0.027020
1.0100	0.8000	-0.022662
1.0125	0.7000	-0.008568
1.0150	0.6000	0.005526
1.0175	0.5000	0.051966
1.0200	0.4000	0.113100
1.0225	0.3000	0.196531
1.0250	0.2000	0.296000
1.0275	0.1000	0.414447
1.0300	0.0000	0.543521
1.0325	0.0000	0.673408
1.0350	0.0000	0.784891
1.0375	0.0000	0.878579
1.0400	0.0000	0.952142
1.0425	0.0000	1.003025
1.0450	0.0000	1.041867
1.0475	0.0000	1.070919
1.0500	0.0000	1.089176
1.0525	0.0000	1.107138
1.0550	0.0000	1.122022
1.0575	0.0000	1.134754
1.0600	0.0000	1.145045
1.0625	0.0000	1.154737
1.0650	0.0000	1.162035
1.0675	0.0000	1.168128
1.0700	0.0000	1.173190
1.0725	0.0000	1.178252
1.0750	0.0000	1.183232
1.0775	0.0000	1.186368
1.0800	0.0000	1.189059
1.0825	0.0000	1.191000
1.0850	0.0000	1.192942
1.0875	0.0000	1.194884
1.0900	0.0000	1.195773
1.0925	0.0000	1.196650
1.0950	0.0000	1.197527
1.0975	0.0000	1.198081
1.1000	0.0000	1.198341
1.1025	0.0000	1.198601
1.1050	0.0000	1.198861
1.1075	0.0000	1.199121
1.1100	0.0000	1.199381
1.1125	0.0000	1.199552
1.1150	0.0000	1.199613
1.1175	0.0000	1.199673
1.1200	0.0000	1.199734
