0.9800	1.2000	0.000007
0.9825	1.2000	0.000007
0.9850	1.2000	0.000007
0.9875	1.2000	0.000007
0.9900	1.2000	0.000007
0.9925	1.2000	0.000007
0.9950	1.2000	0.000007
0.9975	1.2000	0.000007
1.0000	1.2000	0.000007
1.0025	1.1500	-0.006998
1.0050	1.1000	-0.011706
1.0075	1.0500	-0.015320
1.0100	1.0000	-0.017322
1.0125	0.9500	-0.013185
1.0150	0.9000	-0.009048
1.0175	0.8500	-0.004911
1.0200	0.8000	-0.000774
1.0225	0.7500	0.003363
1.0250	0.7000	0.024592
1.0275	0.6500	0.048193
1.0300	0.6000	0.072434
1.0325	0.5500	0.109538
1.0350	0.5000	0.146642
1.0375	0.4500	0.189754
1.0400	0.4000	0.254585
1.0425	0.3500	0.326909
1.0450	0.3000	0.408081
1.0475	0.2500	0.496579
1.0500	0.2000	0.588213
1.0525	0.1500	0.679847
1.0550	0.1000	0.769114
1.0575	0.0500	0.846471
1.0600	0.0000	0.923828
1.0625	0.0000	0.973704
1.0650	0.0000	1.017942
1.0675	0.0000	1.052200
1.0700	0.0000	1.077902
1.0725	0.0000	1.098527
1.0750	0.0000	1.114826
1.0775	0.0000	1.129872
1.0800	0.0000	1.141907
1.0825	0.0000	1.151684
1.0850	0.0000	1.160379
1.0875	0.0000	1.166847
1.0900	0.0000	1.173315
1.0925	0.0000	1.178199
1.0950	0.0000	1.182664
1.0975	0.0000	1.185655
1.1000	0.0000	1.188646
1.1025	0.0000	1.191185
1.1050	0.0000	1.192767
1.1075	0.0000	1.194350
1.1100	0.0000	1.195932
1.1125	0.0000	1.196582
1.1150	0.0000	1.197214
1.1175	0.0000	1.197845
1.1200	0.0000	1.198477
