0.9800	1.2000	0.000007
0.9825	1.2000	0.000007
0.9850	1.2000	0.000007
0.9875	1.2000	0.000007
0.9900	1.2000	0.000007
0.9925	1.2000	0.000007
0.9950	1.2000	0.000007
0.9975	1.2000	0.000007
1.0000	1.2000	0.000007
1.0025	1.0000	-0.028320
1.0050	0.8000	-0.041944
1.0075	0.6000	-0.034972
1.0100	0.4000	0.000082
1.0125	0.2000	0.088624
1.0150	0.0000	0.223227
1.0175	0.0000	0.388930
1.0200	0.0000	0.540818
1.0225	0.0000	0.672459
1.0250	0.0000	0.785287
1.0275	0.0000	0.877839
1.0300	0.0000	0.951666
1.0325	0.0000	1.008074
1.0350	0.0000	1.042659
1.0375	0.0000	1.068118
1.0400	0.0000	1.091568
1.0425	0.0000	1.106758
1.0450	0.0000	1.121949
1.0475	0.0000	1.133529
1.0500	0.0000	1.145044
1.0525	0.0000	1.153757
1.0550	0.0000	1.161530
1.0575	0.0000	1.168138
1.0600	0.0000	1.173572
1.0625	0.0000	1.178453
1.0650	0.0000	1.182567
1.0675	0.0000	1.185916
1.0700	0.0000	1.188735
1.0725	0.0000	1.190752
1.0750	0.0000	1.192769
1.0775	0.0000	1.194590
1.0800	0.0000	1.195511
1.0825	0.0000	1.196431
1.0850	0.0000	1.197352
1.0875	0.0000	1.198072
1.0900	0.0000	1.198339
1.0925	0.0000	1.198606
1.0950	0.0000	1.198873
1.0975	0.0000	1.199140
1.1000	0.0000	1.199407
1.1025	0.0000	1.199518
1.1050	0.0000	1.199586
1.1075	0.0000	1.199653
1.1100	0.0000	1.199720
1.1125	0.0000	1.199787
1.1150	0.0000	1.199854
1.1175	0.0000	1.199921
1.1200	0.0000	1.199929
