0.980	1.200	0.000016
0.985	1.200	0.000016
0.990	1.200	0.000016
0.995	1.200	0.000016
1.000	1.200	0.000016
1.005	1.150	-0.002961
1.010	1.100	-0.005938
1.015	1.050	-0.008244
1.020	1.000	-0.008673
1.025	0.950	-0.004216
1.030	0.900	0.000242
1.035	0.850	0.004700
1.040	0.800	0.009901
1.045	0.750	0.037832
1.050	0.700	0.065763
1.055	0.650	0.096430
1.060	0.600	0.143586
1.065	0.550	0.190742
1.070	0.500	0.249626
1.075	0.450	0.343148
1.080	0.400	0.438385
1.085	0.350	0.562751
1.090	0.300	0.687118
1.095	0.250	0.792163
1.100	0.200	0.894017
1.105	0.150	0.995871
1.110	0.100	1.077036	
1.115	0.050	1.116997	
1.120	0.000	1.133530	
1.125	0.000	1.155078	
1.130	0.000	1.171495	
1.135	0.000	1.181802	
1.140	0.000	1.189027	
1.145	0.000	1.194146	
1.150	0.000	1.196375	
1.155	0.000	1.198345	
1.160	0.000	1.198802	
1.165	0.000	1.199258	
1.170	0.000	1.199714	
1.175	0.000	1.199801	
1.180	0.000	1.199852	
